{
  "nbformat": 4,
  "nbformat_minor": 0,
  "metadata": {
    "colab": {
      "name": "Space Truss Element.ipynb",
      "provenance": [],
      "collapsed_sections": [],
      "authorship_tag": "ABX9TyP3A+2zBsIqDZ3VDHTPPZDk",
      "include_colab_link": true
    },
    "kernelspec": {
      "name": "python3",
      "display_name": "Python 3"
    }
  },
  "cells": [
    {
      "cell_type": "markdown",
      "metadata": {
        "id": "view-in-github",
        "colab_type": "text"
      },
      "source": [
        "<a href=\"https://colab.research.google.com/github/HeNeos/Mechanical/blob/master/Finite_Element_Analysis/Python_code_for_%22Matlab-Guide-to-Finite-Elements%22/Space_Truss_Element.ipynb\" target=\"_parent\"><img src=\"https://colab.research.google.com/assets/colab-badge.svg\" alt=\"Open In Colab\"/></a>"
      ]
    },
    {
      "cell_type": "code",
      "metadata": {
        "id": "YYzlkazugWSU",
        "colab_type": "code",
        "colab": {}
      },
      "source": [
        "import numpy as np\n",
        "import matplotlib.pyplot as plt\n",
        "import pandas as pd"
      ],
      "execution_count": 1,
      "outputs": []
    },
    {
      "cell_type": "code",
      "metadata": {
        "id": "LzWyokPVgaSo",
        "colab_type": "code",
        "colab": {}
      },
      "source": [
        "def NaiveMultiply(A,B):\n",
        "    C = np.zeros((A.shape[0],B.shape[1]))\n",
        "    for i in range(0,C.shape[0]):\n",
        "        for j in range(0,C.shape[1]):\n",
        "            aux = 0\n",
        "            for k in range(0,A.shape[1]):\n",
        "                aux += A[i][k]*B[k][j]\n",
        "            C[i][j] = aux\n",
        "    return C\n",
        " \n",
        "def nextPowerofTwo(n):\n",
        "    return int(2**(ceil(log2(n))))\n",
        " \n",
        "def ModifyMatrix(A):\n",
        "    newA = A\n",
        "    if(A.shape[1]%2 == 1):\n",
        "        aux = np.zeros((A.shape[0],A.shape[1]+1))\n",
        "        aux = np.insert(A,A.shape[1],0,axis=1)\n",
        "        newA = aux\n",
        "    if(newA.shape[0]%2 == 1):\n",
        "        aux = np.zeros((newA.shape[0]+1,newA.shape[1]))\n",
        "        aux = np.insert(newA,newA.shape[0],0,axis=0)\n",
        "        newA = aux\n",
        "    return newA\n",
        " \n",
        "def FastMultiply(oldA,oldB):\n",
        "    rows = oldA.shape[0]\n",
        "    columns = oldB.shape[1]\n",
        "    if(rows <= 2 or columns <=2 or oldA.shape[1] <= 2 or oldB.shape[0] <= 2):\n",
        "        return np.matmul(oldA,oldB)\n",
        "    \n",
        "    A = ModifyMatrix(oldA)\n",
        "    B = ModifyMatrix(oldB)\n",
        "    N1 = A.shape[0]\n",
        "    N2 = A.shape[1]\n",
        "    N3 = B.shape[0]\n",
        "    N4 = B.shape[1]\n",
        "    \n",
        " \n",
        "    a = A[0:N1//2,0:N2//2]\n",
        "    b = A[0:N1//2,N2//2:N2//2+N2//2]\n",
        "    c = A[N1//2:N1//2+N1//2,0:N2//2]\n",
        "    d = A[N1//2:N1//2+N1//2,N2//2:N2//2+N2//2]\n",
        "    \n",
        "    e = B[0:N3//2,0:N4//2]\n",
        "    f = B[0:N3//2,N4//2:N4//2+N4//2]\n",
        "    g = B[N3//2:N3//2+N3//2,0:N4//2]\n",
        "    h = B[N3//2:N3//2+N3//2,N4//2:N4//2+N4//2]\n",
        "    \n",
        "    \n",
        "    p1 = FastMultiply(a,(f-h))\n",
        "    p3 = FastMultiply((c+d),e)\n",
        "    p2 = FastMultiply((a+b),h)\n",
        "    p4 = FastMultiply(d,(g-e))\n",
        "    p5 = FastMultiply((a+d),(e+h))\n",
        "    p6 = FastMultiply((b-d),(g+h))\n",
        "    p7 = FastMultiply((a-c),(e+f))\n",
        "    \n",
        "    \n",
        "    C = np.zeros((rows,columns))\n",
        "    \n",
        "    c11 = p5 + p4 - p2 + p6\n",
        "    c12 = p1 + p2\n",
        "    c21 = p3 + p4\n",
        "    c22 = p1 + p5 - p3 - p7\n",
        "    \n",
        " \n",
        "    \n",
        "    for i in range(0,N1//2):\n",
        "        for j in range(0,N4//2):\n",
        "            C[i][j] = c11[i][j]\n",
        "            if(j + N4//2 < columns):\n",
        "                C[i][j+N4//2] = c12[i][j]\n",
        "            if(i + N1//2 < rows):\n",
        "                C[i+N1//2][j] = c21[i][j]\n",
        "                if(j + N4//2 < columns):\n",
        "                    C[i+N1//2][j+N4//2] = c22[i][j]\n",
        "    return C"
      ],
      "execution_count": 65,
      "outputs": []
    },
    {
      "cell_type": "code",
      "metadata": {
        "id": "REjVlyTxgarw",
        "colab_type": "code",
        "colab": {}
      },
      "source": [
        "def conjugate_grad(A, b, x=None):\n",
        "    n = b.shape[0]\n",
        "    if not x:\n",
        "        x = np.ones((n,1))\n",
        "    r = np.dot(A, x) - b\n",
        "    p = - r\n",
        "    r_k_norm = FastMultiply(np.transpose(r), r)\n",
        "    for i in range(2*n):\n",
        "        Ap = np.dot(A, p)\n",
        "        \n",
        "        alpha = r_k_norm /FastMultiply(np.transpose(p), Ap)\n",
        "        x += alpha * p\n",
        "        r += alpha * Ap\n",
        "        r_kplus1_norm = FastMultiply(np.transpose(r), r)\n",
        "        beta = r_kplus1_norm / r_k_norm\n",
        "        r_k_norm = r_kplus1_norm\n",
        "        p = beta * p - r\n",
        "    return x"
      ],
      "execution_count": 66,
      "outputs": []
    },
    {
      "cell_type": "code",
      "metadata": {
        "id": "v6ddrROJgav2",
        "colab_type": "code",
        "colab": {}
      },
      "source": [
        "NodesCondition = []\n",
        "ForcesCondition = []\n",
        "\n",
        "def AllAngle(f,s):\n",
        "    L = DistanceNodes(f,s)\n",
        "    C = []\n",
        "    for i in range(3):\n",
        "        C.append((s[i]-f[i])/L)\n",
        "    C = np.arccos(np.array(C))\n",
        "    return [C,L]\n",
        "\n",
        "def DistanceNodes(f,s):\n",
        "    return np.sqrt((s[0]-f[0])**2+(s[1]-f[1])**2+(s[2]-f[2])**2)\n",
        "\n",
        "def SingleAngle(f,s):\n",
        "    if(s[0] == f[0]):\n",
        "        aux = np.pi/2\n",
        "        if(s[1] < f[1]):\n",
        "             aux *= -1\n",
        "        return aux\n",
        "    else:\n",
        "        aux = np.arctan((s[1]-f[1])/(s[0]-f[0]))\n",
        "    if(aux < 0 and s[1] > f[1]):\n",
        "        aux += np.pi\n",
        "    if(s[1] < f[1]):\n",
        "        aux += np.pi\n",
        "        if(s[0] > f[0]):\n",
        "            aux += np.pi\n",
        "    return aux\n",
        " \n",
        " \n",
        "def UBoundaryCondition(nU,u,i):\n",
        "    nU[i][0] = u\n",
        "    NodesCondition.append(i)\n",
        " \n",
        "def FBoundaryCondition(nF,f,i):\n",
        "    nF[i][0] += f\n",
        "    ForcesCondition.append(i)\n",
        "    \n",
        "def AssemblyStiffness(nStiffnessMatrix,k,i,j):\n",
        "    for p in range(0,3):\n",
        "        for m in range(0,3):\n",
        "            nStiffnessMatrix[3*i+p][3*i+m] += k[p][m]\n",
        "            nStiffnessMatrix[3*i+p][3*j+m] += k[p][3+m]\n",
        "            nStiffnessMatrix[3*j+p][3*i+m] += k[p+3][m]\n",
        "            nStiffnessMatrix[3*j+p][3*j+m] += k[p+3][3+m]\n",
        " \n",
        "def Initialize(nStiffnessMatrix,nU,nF):\n",
        "    for i in range(0,Nodes):\n",
        "        nU[i][0] = 0\n",
        "        nF[i][0] = 0\n",
        "    for i in range(0,NumberOfElement):\n",
        "        AssemblyStiffness(nStiffnessMatrix,K[i],int(Elements[i][0]),int(Elements[i][1]))\n",
        "\n",
        "def TMatrix(nT,i,angle):\n",
        "    nT[2*i][2*i] = np.cos(angle)\n",
        "    nT[2*i][2*i+1] = np.sin(angle)\n",
        "    nT[2*i+1][2*i] = -np.sin(angle)\n",
        "    nT[2*i+1][2*i+1] = np.cos(angle)\n",
        "\n",
        "def ApplyT(nStiffnessMatrix, nT):\n",
        "    return FastMultiply(FastMultiply(nT,nStiffnessMatrix),np.transpose(nT))\n",
        "\n",
        "def PreSolvingStiffness(nStiffnessMatrix):\n",
        "    nsize = Nodes-len(NodesCondition)\n",
        "    newStiffness = np.zeros((nsize,nsize))\n",
        "    contr = -1\n",
        "    for i in range(0,Nodes):\n",
        "        contc = -1\n",
        "        flagr = False\n",
        "        for k in range(0,len(NodesCondition)):\n",
        "            if(i == NodesCondition[k]):\n",
        "                flagr = True\n",
        "                break\n",
        "        if(flagr):\n",
        "            continue\n",
        "        contr += 1\n",
        "        for j in range(0,Nodes):\n",
        "            flagc = False\n",
        "            for k in range(0,len(NodesCondition)):\n",
        "                if(j == NodesCondition[k]):\n",
        "                    flagc = True\n",
        "                    break\n",
        "            if(flagc):\n",
        "                continue\n",
        "            contc += 1\n",
        "            newStiffness[contr][contc] = nStiffnessMatrix[i][j]\n",
        "    return newStiffness\n",
        " \n",
        " \n",
        "def PreSolvingF(nF,nS,nU):\n",
        "    nsize = Nodes-len(NodesCondition)\n",
        "    newF = np.zeros(nsize).reshape(nsize,1)\n",
        "    contr = -1\n",
        "    for i in range(0,Nodes):\n",
        "        flagr = False\n",
        "        for k in range(0,len(NodesCondition)):\n",
        "            if(i == NodesCondition[k]):\n",
        "                flagr = True\n",
        "                break\n",
        "        if(flagr):\n",
        "            for k in range(0,Nodes):\n",
        "                nF[k][0] = nF[k][0]-nS[k][i]*nU[i][0]\n",
        "            continue\n",
        " \n",
        "            \n",
        "    for i in range(0,Nodes):\n",
        "        flagr = False\n",
        "        for k in range(0,len(NodesCondition)):\n",
        "            if(i == NodesCondition[k]):\n",
        "                flagr = True\n",
        "                break\n",
        "        if(flagr):\n",
        "            continue\n",
        "        contr += 1\n",
        "        newF[contr][0] = nF[i][0]\n",
        "    \n",
        "    return newF\n",
        "                      \n",
        " \n",
        "def Solve(nStiffnessMatrix,nU,nF):\n",
        "    newStiffness = PreSolvingStiffness(nStiffnessMatrix)\n",
        "    newF = PreSolvingF(nF,nStiffnessMatrix,nU)\n",
        "    u = conjugate_grad(newStiffness,newF)    \n",
        "    contr = -1\n",
        "    for i in range(0,Nodes):\n",
        "        flagr = False\n",
        "        for k in range(0,len(NodesCondition)):\n",
        "            if(i == NodesCondition[k]):\n",
        "                flagr = True\n",
        "                break\n",
        "        if(flagr):\n",
        "            continue\n",
        "        contr += 1\n",
        "        nU[i][0] = u[contr][0]\n",
        "    nnF = FastMultiply(StiffnessMatrix,nU)\n",
        "    return nU,nnF"
      ],
      "execution_count": 74,
      "outputs": []
    },
    {
      "cell_type": "code",
      "metadata": {
        "id": "Pazly6fjsvfO",
        "colab_type": "code",
        "colab": {
          "base_uri": "https://localhost:8080/",
          "height": 1000
        },
        "outputId": "a909a254-5322-470a-d101-1cef45f3f04e"
      },
      "source": [
        "NodesCondition = []\n",
        "Nodes = 4\n",
        "Nodes *= 3\n",
        "NumberOfElement = 3\n",
        "\n",
        "E = 2e5 #MPA\n",
        "K = []\n",
        "L = []\n",
        "P = 12e3 #N\n",
        "\n",
        "PosNodes = 1e3*np.array([(0,0,-4),(-3,0,0),(0,0,4),(0,5,0)])\n",
        "Elements = np.array([(0,3),(1,3),(2,3)])\n",
        "A = np.array([0.001e6,0.002e6,0.001e6]) #mm^2\n",
        "for i in range(0,NumberOfElement):\n",
        "    L.append(AllAngle(PosNodes[Elements[i][0]],PosNodes[Elements[i][1]]))\n",
        "\n",
        "L = np.array(L)\n",
        "#L = [[[cxi,cyi,czi],disti],[],[]]\n",
        "\n",
        "for i in range(0,NumberOfElement):\n",
        "    l = L[i][1]\n",
        "    angles = np.cos(L[i][0])\n",
        "    aux = np.zeros((6,6))\n",
        "    w = np.zeros((3,3))\n",
        "    for j in range(0,3):\n",
        "        for k in range(0,3):\n",
        "            w[j][k] = angles[j]*angles[k]\n",
        "    for k in range(6):\n",
        "        for j in range(6):\n",
        "            s = 1\n",
        "            if k >= 3:\n",
        "                s *= -1\n",
        "            if j >= 3:\n",
        "                s *= -1\n",
        "            aux[k][j] = w[k%3][j%3]*s\n",
        "    aux = aux*E*A[i]/l\n",
        "    K.append(aux)\n",
        "\n",
        "\n",
        "StiffnessMatrix = np.zeros((Nodes,Nodes))\n",
        "\n",
        "U = np.zeros(Nodes).reshape(Nodes,1)\n",
        "F = np.zeros(Nodes).reshape(Nodes,1)\n",
        "\n",
        "Initialize(StiffnessMatrix,U,F)\n",
        "\n",
        "#Node in UBoundary = Node*3+(x=0,y=1,z=2)\n",
        "UBoundaryCondition(U,0,3*0+0) #Nodo 0 en X\n",
        "UBoundaryCondition(U,0,3*1+0) #Nodo 1 en X\n",
        "UBoundaryCondition(U,0,3*2+0) #Nodo 2 en X\n",
        "UBoundaryCondition(U,0,3*0+1) #Nodo 0 en Y\n",
        "UBoundaryCondition(U,0,3*1+1) #Nodo 1 en Y\n",
        "UBoundaryCondition(U,0,3*2+1) #Nodo 2 en Y\n",
        "UBoundaryCondition(U,0,3*0+2) #Nodo 0 en Z\n",
        "UBoundaryCondition(U,0,3*1+2) #Nodo 1 en Z\n",
        "UBoundaryCondition(U,0,3*2+2) #Nodo 2 en Z\n",
        "\n",
        "FBoundaryCondition(F,P,3*3+0) #Nodo 3 en X\n",
        "#print(U)\n",
        "#print(F)\n",
        "\n",
        "U,F=Solve(StiffnessMatrix,U,F)\n",
        "print(\"Stiffness Matrix:\\n\",StiffnessMatrix,'\\n')\n",
        "print(\"Displacements:\\n\",U,'\\n')\n",
        "print(\"Forces:\\n\",F)"
      ],
      "execution_count": 88,
      "outputs": [
        {
          "output_type": "stream",
          "text": [
            "Stiffness Matrix:\n",
            " [[ 1.17111564e-28  1.49347171e-12  1.19477737e-12  0.00000000e+00\n",
            "   0.00000000e+00  0.00000000e+00  0.00000000e+00  0.00000000e+00\n",
            "   0.00000000e+00 -1.17111564e-28 -1.49347171e-12 -1.19477737e-12]\n",
            " [ 1.49347171e-12  1.90455807e+04  1.52364646e+04  0.00000000e+00\n",
            "   0.00000000e+00  0.00000000e+00  0.00000000e+00  0.00000000e+00\n",
            "   0.00000000e+00 -1.49347171e-12 -1.90455807e+04 -1.52364646e+04]\n",
            " [ 1.19477737e-12  1.52364646e+04  1.21891717e+04  0.00000000e+00\n",
            "   0.00000000e+00  0.00000000e+00  0.00000000e+00  0.00000000e+00\n",
            "   0.00000000e+00 -1.19477737e-12 -1.52364646e+04 -1.21891717e+04]\n",
            " [ 0.00000000e+00  0.00000000e+00  0.00000000e+00  1.81586737e+04\n",
            "   3.02644562e+04  2.16114141e-12  0.00000000e+00  0.00000000e+00\n",
            "   0.00000000e+00 -1.81586737e+04 -3.02644562e+04 -2.16114141e-12]\n",
            " [ 0.00000000e+00  0.00000000e+00  0.00000000e+00  3.02644562e+04\n",
            "   5.04407603e+04  3.60190235e-12  0.00000000e+00  0.00000000e+00\n",
            "   0.00000000e+00 -3.02644562e+04 -5.04407603e+04 -3.60190235e-12]\n",
            " [ 0.00000000e+00  0.00000000e+00  0.00000000e+00  2.16114141e-12\n",
            "   3.60190235e-12  2.57206681e-28  0.00000000e+00  0.00000000e+00\n",
            "   0.00000000e+00 -2.16114141e-12 -3.60190235e-12 -2.57206681e-28]\n",
            " [ 0.00000000e+00  0.00000000e+00  0.00000000e+00  0.00000000e+00\n",
            "   0.00000000e+00  0.00000000e+00  1.17111564e-28  1.49347171e-12\n",
            "  -1.19477737e-12 -1.17111564e-28 -1.49347171e-12  1.19477737e-12]\n",
            " [ 0.00000000e+00  0.00000000e+00  0.00000000e+00  0.00000000e+00\n",
            "   0.00000000e+00  0.00000000e+00  1.49347171e-12  1.90455807e+04\n",
            "  -1.52364646e+04 -1.49347171e-12 -1.90455807e+04  1.52364646e+04]\n",
            " [ 0.00000000e+00  0.00000000e+00  0.00000000e+00  0.00000000e+00\n",
            "   0.00000000e+00  0.00000000e+00 -1.19477737e-12 -1.52364646e+04\n",
            "   1.21891717e+04  1.19477737e-12  1.52364646e+04 -1.21891717e+04]\n",
            " [-1.17111564e-28 -1.49347171e-12 -1.19477737e-12 -1.81586737e+04\n",
            "  -3.02644562e+04 -2.16114141e-12 -1.17111564e-28 -1.49347171e-12\n",
            "   1.19477737e-12  1.81586737e+04  3.02644562e+04  2.16114141e-12]\n",
            " [-1.49347171e-12 -1.90455807e+04 -1.52364646e+04 -3.02644562e+04\n",
            "  -5.04407603e+04 -3.60190235e-12 -1.49347171e-12 -1.90455807e+04\n",
            "   1.52364646e+04  3.02644562e+04  8.85319218e+04  0.00000000e+00]\n",
            " [-1.19477737e-12 -1.52364646e+04 -1.21891717e+04 -2.16114141e-12\n",
            "  -3.60190235e-12 -2.57206681e-28  1.19477737e-12  1.52364646e+04\n",
            "  -1.21891717e+04  2.16114141e-12  0.00000000e+00  2.43783433e+04]] \n",
            "\n",
            "Displacements:\n",
            " [[ 0.00000000e+00]\n",
            " [ 0.00000000e+00]\n",
            " [ 0.00000000e+00]\n",
            " [ 0.00000000e+00]\n",
            " [ 0.00000000e+00]\n",
            " [ 0.00000000e+00]\n",
            " [ 0.00000000e+00]\n",
            " [ 0.00000000e+00]\n",
            " [ 0.00000000e+00]\n",
            " [ 1.53593486e+00]\n",
            " [-5.25056187e-01]\n",
            " [-1.90463368e-16]] \n",
            "\n",
            "Forces:\n",
            " [[ 7.84156560e-13]\n",
            " [ 1.00000000e+04]\n",
            " [ 8.00000000e+03]\n",
            " [-1.20000000e+04]\n",
            " [-2.00000000e+04]\n",
            " [-1.42817131e-12]\n",
            " [ 7.84156560e-13]\n",
            " [ 1.00000000e+04]\n",
            " [-8.00000000e+03]\n",
            " [ 1.20000000e+04]\n",
            " [-7.27595761e-12]\n",
            " [-1.32380895e-12]]\n"
          ],
          "name": "stdout"
        }
      ]
    },
    {
      "cell_type": "code",
      "metadata": {
        "id": "PzBt4fXZsvcx",
        "colab_type": "code",
        "colab": {}
      },
      "source": [
        ""
      ],
      "execution_count": null,
      "outputs": []
    },
    {
      "cell_type": "code",
      "metadata": {
        "id": "6_08kvSEsvaO",
        "colab_type": "code",
        "colab": {}
      },
      "source": [
        ""
      ],
      "execution_count": null,
      "outputs": []
    },
    {
      "cell_type": "code",
      "metadata": {
        "id": "QLwRTb0NsvWO",
        "colab_type": "code",
        "colab": {}
      },
      "source": [
        ""
      ],
      "execution_count": null,
      "outputs": []
    }
  ]
}